d 426 181 377
d 608 652 386
d 585 551 261
d 439 403 393
d 271 953 490
d 627 541 467
d 55 729 438
d 683 708 418
d 805 250 500
d 300 27 487
d 520 846 237
d 254 288 363
d 374 748 455
d 561 139 414
d 501 574 531
d 801 898 247
d 593 286 238
d 433 320 500
d 126 428 306
d 250 754 530
d 133 195 471
d 738 766 410
d 566 67 428
d 439 186 393
d 941 777 355
d 147 440 456
d 194 316 661
d 885 192 564
d 719 235 389
d 633 712 527
d 174 668 383
d 271 123 311
d 247 96 455
d 717 645 500
d 31 386 401
d 623 434 455
d 244 281 708
d 389 262 378
d 250 869 317
d 682 598 263
d 715 564 515
d 904 34 299
d 141 505 413
d 610 262 564
d 550 9 372
d 693 308 407
d 324 779 14
d 223 760 441
d 418 412 376
d 657 297 466
d 88 720 322
d 540 60 535
d 289 185 739
d 724 909 415
d 206 81 337
d 68 96 347
d 762 486 314
d 372 711 298
d 211 587 533
d 990 15 450
d 4 390 637
d 327 732 543
d 449 2 448
d 872 788 347
d 334 224 334
d 64 556 411
d 93 597 396
d 286 596 290
d 867 117 471
d 54 1 398
d 446 391 199
d 114 283 589
d 752 923 522
d 755 223 388
d 938 651 562
d 797 567 410
d 598 179 349
d 496 221 272
d 207 292 540
d 464 33 463
d 646 703 342
d 32 126 637
d 262 576 368
d 159 32 206
d 2 6 487
d 69 752 240
d 452 351 309
d 597 222 535
d 474 554 471
d 648 970 367
d 152 775 545
d 608 797 244
d 162 121 446
d 393 629 398
d 941 773 302
d 791 183 430
d 186 849 398
d 790 349 510
d 100 771 439
d 156 879 550
