d 3236 44 37067
d 2651 157 37871
d 2288 2698 4268
d 322 238 15683
d 2052 3221 4423
d 2252 1639 12750
d 3309 2575 12816
d 3083 948 12602
d 129 35 5042
d 2652 315 27874
d 78 2594 33630
d 1518 2550 10526
d 2642 202 32212
d 2170 2750 7666
d 1998 3325 19999
d 1679 600 6010
d 1386 2610 10363
d 2428 2395 2056
d 782 1114 8491
d 2481 1270 7843
d 2182 1346 6792
d 1644 3167 10067
d 2121 2716 9473
d 557 34 26544
d 2532 326 20375
d 1162 1838 2263
d 155 815 33394
d 2467 284 19971
d 1653 2865 14974
d 2204 2523 16073
d 126 668 30229
d 1861 136 24356
d 1055 250 15096
d 2816 1585 12269
d 1330 1797 3085
d 372 1622 12331
d 3088 451 15016
d 1473 1337 3662
d 695 2365 9938
d 2469 2525 3984
d 1546 2894 16723
d 1678 1150 5109
d 576 2168 12062
d 2044 3328 18650
d 747 1901 12274
d 1168 106 25183
d 2514 212 29885
d 2370 1010 7707
d 2791 2991 34796
d 2374 16 34826
d 3198 757 21144
d 2803 2209 8434
d 2745 1398 13531
d 1506 2769 18218
d 747 1648 15955
d 167 3117 32638
d 2299 2606 2443
d 1833 97 27710
d 2252 2273 1532
d 764 2796 16372
d 2643 2661 4796
d 1250 1939 4120
d 1081 567 15572
d 3276 3089 11804
d 3183 2667 7388
d 1903 493 7775
d 2682 2628 13125
d 2181 2239 2219
d 2920 3084 24653
d 3158 3254 3041
d 1685 1182 4983
d 1957 2638 5226
d 906 1320 6124
d 2847 1973 11947
d 2211 1885 9027
d 1955 1855 3192
d 2088 2363 3872
d 2947 2782 12319
d 2708 1331 13001
d 2533 1198 12445
d 2331 627 8701
d 1072 3004 30889
d 1426 350 9813
d 270 792 14752
d 1240 1605 5120
d 2386 1066 11484
d 499 1172 7076
d 526 159 22279
d 2915 110 41557
d 2060 2971 35937
d 782 3104 19897
d 2578 810 20611
d 464 288 16664
d 805 975 11344
d 59 355 24088
d 2524 677 10919
d 232 308 9605
d 1966 1517 3742
d 724 3159 11324
d 3276 538 17672
