d 2125 3237 3417
d 2727 3632 2809
d 555 2228 2149
d 3699 1927 3309
d 898 2634 3100
d 1359 87 2524
d 724 69 2347
d 2058 2389 3020
d 3188 4637 2265
d 1876 668 2246
d 562 1214 2091
d 2414 3827 2068
d 3111 3478 3402
d 731 1290 2660
d 1661 1566 2061
d 338 3156 2491
d 4436 1889 2070
d 2241 4085 3083
d 1260 179 2333
d 3612 2683 2681
d 2944 992 3127
d 3145 3823 1866
d 2119 1591 2473
d 3714 1752 3866
d 2413 3682 2291
d 2136 2515 2781
d 235 3335 2430
d 2714 4051 2831
d 2606 3554 2319
d 1055 956 3018
d 2270 432 3790
d 1086 4155 2442
d 1977 1370 3208
d 1186 2311 2516
d 160 4224 2523
d 3044 1772 1900
d 4557 168 3156
d 2783 3931 2386
d 4985 1700 2710
d 1550 4870 2502
d 921 357 3287
d 1391 678 1704
d 2887 3054 1554
d 1997 4224 3630
d 790 2365 3629
d 385 882 2367
d 902 2079 2414
d 2328 3761 2687
d 1298 312 2713
d 282 1306 3372
d 48 3243 2625
d 555 4862 2925
d 4463 968 2930
d 2748 2744 2064
d 1327 4286 1507
d 505 2440 3173
d 4858 3495 2890
d 513 1027 1866
d 4662 4753 1780
d 3432 2862 2849
d 1227 1579 2931
d 852 4780 2780
d 3840 1090 3688
d 545 2430 2137
d 2594 4006 2702
d 4054 4119 2692
d 3413 1656 2176
d 1234 2311 2978
d 2001 162 2572
d 4965 1396 2114
d 964 2944 2369
d 4201 3876 1692
d 1806 652 3181
d 3927 2798 2512
d 4825 1847 2678
d 632 1185 3915
d 567 508 2614
d 2693 622 3259
d 1756 35 3085
d 2444 1283 2330
d 3911 2740 3463
d 3710 2241 3315
d 839 1099 3271
d 1042 855 3026
d 1083 4445 2499
d 2327 1576 2945
d 2213 2774 2355
d 3948 301 2466
d 420 4027 3306
d 3747 436 1726
d 3872 902 2746
d 4982 3580 1307
d 3431 861 1531
d 2371 1901 3491
d 40 2817 3092
d 2053 251 3288
d 4276 1744 1929
d 3449 1791 2190
d 1630 3366 2580
d 3829 1727 3520
